1534
745
54
778
1482
1252
1340
362
757
1903
783
1741
122
1109
158
627
540
502
1622
444
209
1581
1818
1131
1052
1923
843
1199
1574
1275
1477
48
1690
755
1612
758
695
346
1001
1781
92
897
798
489
1639
1320
1462
1891
959
1103
785
1194
1544
529
862
1232
1446
1650
1669
1584
1219
712
593
44
776
1663
659
1629
1533
987
104
214
368
1610
1911
433
1504
210
1932
889
724
1134
1449
311
1603
1631
287
1245
1615
733
1118
669
1899
1124
638
195
1644
1876
1417
453
463
1377
1926
597
1751
487
1768
1316
1719
121
1313
1548
955
69
157
941
1008
1354
1442
892
1909
1537
575
614
172
646
1186
467
203
1722
331
1591
596
1427
1108
602
692
625
830
1058
1434
1877
857
1665
832
1648
1620
423
110
1336
901
1209
979
874
325
948
1045
709
1811
198
1180
654
723
256
1905
510
742
1369
192
1870
1913
1007
68
1550
308
1324
1464
562
305
1797
405
1389
766
538
1625
1507
1089
315
1259
1021
813
706
230
680
1814
643
652
396
1810
1338
6
1456
1240
1784
414
704
478
1755
273
1135
297
139
558
650
1465
1160
1122
1884
1246
618
1300
41
411
911
807
1833
352
918
251
1074
820
560
1851
385
1273
1379
801
1097
1368
1299
259
1830
1364
1750
298
1373
60
144
1601
607
1494
356
469
1862
188
34
1326
64
165
1580
258
1070
1091
1765
450
1428
1656
99
1704
536
416
55
734
1888
1571
225
748
1764
944
1374
1104
1515
1403
1099
917
227
1329
140
366
1332
1152
447
845
149
772
673
387
1756
962
1929
498
392
449
750
142
919
326
373
1187
936
1788
1398
1205
1783
514
1422
592
1126
1826
1846
899
1551
1042
810
151
920
1165
1404
1820
717
184
698
903
958
969
1302
933
663
1297
999
155
340
1269
1004
237
1115
1474
280
1498
689
1577
79
1233
672
1139
482
1072
738
81
1279
321
548
133
759
1744
1009
761
74
207
1619
365
1727
642
395
1761
284
838
1173
865
1560
1841
1179
872
1677
687
1618
667
610
605
254
426
674
932
349
1248
483
107
518
1086
1159
591
336
159
1136
208
1628
217
376
1649
1865
1035
585
1687
66
129
1283
1162
1249
187
834
1887
595
1706
314
438
1766
878
1170
1222
1357
1843
859
1416
15
665
849
1394
676
1554
1772
397
527
1068
194
1688
131
791
1461
743
126
179
817
796
981
1066
1736
1060
904
1256
1586
1397
1564
924
25
1600
300
1307
1028
264
243
572
1202
1643
600
1225
914
1239
412
780
480
1114
461
146
1294
701
949
1207
1799
985
511
867
201
1804
726
799
960
1363
551
1145
224
1156
1258
1347
370
1802
1778
1486
1897
640
1850
823
909
885
555
982
1305
1447
199
1383
1714
1025
988
1367
685
888
1829
1557
425
1493
927
430
1238
855
946
1455
1791
715
1191
347
123
612
1835
648
1309
1516
1151
1018
973
1738
1740
1406
1392
1807
582
891
218
1609
1508
87
569
102
1699
235
995
302
417
386
1344
419
1907
473
1184
459
163
30
1485
603
749
335
1513
1033
1489
1711
128
519
1624
435
1754
1889
455
1924
1857
1276
222
1040
1840
1253
500
530
609
466
1076
233
334
294
1542
454
586
1709
1472
1915
117
1880
37
3
1717
552
1478
876
543
731
1287
1606
390
641
1567
1775
1031
1587
1063
1667
409
1621
583
1412
990
1236
281
22
1436
1407
341
635
1413
45
1054
1640
1636
907
975
75
1452
1289
1595
1420
1356
57
916
1438
952
1228
1150
590
1556
1371
1169
1894
238
27
848
728
93
1658
1859
1839
51
912
1154
1166
1759
1501
521
1918
86
1524
1201
1752
1341
523
1596
270
1057
1192
881
769
577
174
1725
534
964
1867
831
1123
1694
1672
1510
662
993
1860
1317
615
1563
974
162
1092
1433
96
996
83
546
833
154
1647
1011
1128
1432
1120
383
1496
219
136
1661
986
1400
846
1402
1073
741
290
1262
788
1147
812
241
1312
1536
59
339
1660
639
1692
773
581
9
951
213
12
1443
1055
495
1702
1030
1286
278
795
1815
402
364
1787
1360
328
377
484
1540
719
1358
1568
675
870
737
1216
1322
1067
1038
358
619
1868
1106
1255
921
531
1214
694
1251
177
1081
961
1142
342
657
493
1854
408
1022
563
1140
372
14
160
1224
587
181
1387
752
429
1084
476
681
1873
1237
1280
1409
1813
204
1836
249
1050
1079
566
1016
1204
1495
1211
306
1793
114
883
1696
401
1352
318
882
1382
21
1794
1439
1267
1718
1715
91
1480
171
649
670
1264
1863
622
1047
1444
753
1668
274
348
18
814
1527
1176
38
793
441
1188
1491
443
1183
90
1291
1181
458
1684
1523
732
1137
470
1112
1683
1196
1193
272
767
285
1505
312
1350
1614
1529
1593
1730
1520
829
1882
267
324
508
191
354
490
1102
722
1921
112
1014
400
967
82
894
291
1822
1361
84
1335
677
119
1468
1429
825
826
1598
1633
440
1243
239
380
632
930
1716
1674
465
71
1424
1530
1680
1271
1589
579
1847
516
763
32
78
360
420
1733
1020
261
1141
721
1681
978
852
1121
576
228
682
1569
1095
276
700
1458
246
630
292
1328
505
1469
613
804
382
571
972
1653
504
840
938
168
62
1385
1231
1517
1770
89
866
943
1901
835
1747
524
1823
1893
1547
345